81 24801 30
11 31 7643
11 26 21127
11 7 15616
11 48 30547
48 30 32765
11 38 2052
31 50 34838
11 45 18594
31 32 19541
11 36 20228
36 24 9430
24 57 21925
36 29 18051
38 16 28075
29 53 6527
29 73 18453
11 80 5897
29 67 17436
7 23 10901
67 40 12648
16 8 7198
32 42 30079
80 46 28807
36 28 24094
48 9 18330
26 21 27847
23 65 26006
67 68 30667
73 10 6906
42 19 22974
38 79 23761
48 64 30011
8 63 3297
9 22 28973
8 70 9256
70 59 32281
79 58 13312
31 61 27872
11 72 28089
26 43 31678
70 78 14767
53 49 38514
53 27 33589
9 81 6323
32 60 37165
70 39 11060
30 52 13989
31 74 16953
10 71 19778
10 56 28562
22 14 42683
26 17 39986
22 6 13142
81 69 3713
26 2 20593
21 54 18189
58 33 23017
8 62 18049
17 76 35540
64 12 11720
31 77 25258
28 34 47879
71 4 28463
9 37 23418
43 5 7696
64 51 21639
78 75 27951
49 20 17277
67 55 34255
37 66 21499
79 3 30190
19 15 28692
74 47 17593
37 13 30891
13 41 35158
6 35 24531
61 25 35557
75 44 15695
77 18 4033
34 1 31177
54 57
14 24
50 72
5 34
8 62
3 21
7 62
10 55
46 54
69 72
51 62
21 24
44 72
18 58
15 33
11 74
29 54
3 24
51 77
60 77
6 23
75 79
9 20
60 68
38 59
30 62
38 76
47 51
34 60
47 68
