97 2986 30
88 23 25391
23 2 11593
23 65 18797
23 13 20684
2 61 24383
88 18 23546
18 24 37188
88 76 35670
88 75 36987
65 9 6292
24 16 12205
65 39 8993
39 44 9098
39 33 14159
2 20 20468
24 5 36451
16 62 23884
44 29 11373
13 63 45729
44 57 33161
65 89 14295
20 70 9982
13 1 6514
20 17 12520
89 4 27232
4 31 20777
1 41 30257
2 54 20447
33 51 22504
88 77 18809
20 90 28753
65 79 37471
31 36 25604
44 14 33657
65 92 47004
61 78 15127
54 10 19580
78 64 26890
1 26 15580
23 87 31512
14 3 12930
78 85 3281
85 37 30842
26 69 8639
54 28 27050
10 32 31603
13 12 30261
28 45 16891
51 95 26972
5 35 15616
16 21 19899
62 15 8137
17 67 31356
16 58 28080
28 43 21306
13 82 34055
57 81 27020
16 74 20779
92 6 9109
36 73 49187
92 40 32601
85 60 39955
6 48 14908
16 38 1320
77 93 22146
90 71 32466
6 52 6823
9 53 7312
31 56 21246
15 66 27460
69 80 27687
88 50 22937
67 55 11272
15 25 11322
29 30 30280
48 46 20908
28 7 16625
7 84 13319
95 47 18463
67 42 26230
82 11 2894
62 59 10754
23 34 4137
20 27 26590
56 83 31726
51 97 25077
57 91 12287
25 68 24975
45 49 7695
44 19 13920
65 86 6784
50 96 28927
21 72 20235
44 8 20770
2 22 21369
14 94 37370
50 81
40 41
37 39
43 53
31 74
39 97
13 85
19 91
75 81
18 21
41 77
24 75
29 62
23 44
28 43
5 53
73 82
37 61
62 68
13 74
36 77
12 38
11 31
28 29
74 90
5 8
31 64
27 97
48 82
52 85
