91 21304 30
12 51 26059
51 90 23809
12 52 25162
90 86 19140
51 48 32299
12 35 38932
86 24 19689
24 19 9573
48 40 6638
12 88 23157
52 7 7446
51 66 31669
40 28 15394
48 76 35544
24 1 3235
86 42 15111
12 22 15674
12 64 28823
48 31 28982
31 41 14690
88 61 6903
1 70 26866
66 91 19479
1 83 11530
70 33 23304
40 3 31707
12 77 39671
19 74 36794
64 59 13293
86 79 28415
86 21 26163
59 67 19177
28 10 33736
67 47 9979
42 65 17153
31 81 28309
67 53 22435
74 71 16693
31 20 30680
19 85 31351
91 78 5761
65 50 12646
76 49 8146
70 45 37506
1 9 26444
33 37 33343
45 89 19647
79 84 15745
81 25 11060
31 44 18774
89 75 14369
70 2 39240
20 80 11157
21 11 7909
51 55 15643
84 56 11352
77 27 25562
31 29 24221
2 46 35803
11 87 12007
71 62 27056
53 43 38819
21 17 39767
47 68 18440
85 13 9219
64 14 19378
55 16 41925
70 32 8501
31 54 23436
70 82 9310
32 8 22613
55 60 15860
11 39 26967
24 26 6761
14 69 29664
2 15 16289
43 58 10171
22 34 33107
81 6 47054
41 23 30616
17 36 35509
6 4 16827
87 30 31008
74 73 13685
83 38 26571
10 72 13337
28 18 30069
88 57 42183
66 63 15127
39 5 10248
74 83
22 86
44 64
20 31
35 58
9 69
3 83
7 64
31 73
17 17
31 83
1 30
63 73
1 54
6 46
42 60
31 67
4 64
12 41
42 80
23 82
50 76
26 52
8 40
6 10
7 52
60 81
26 60
43 46
66 91
