741 24801 30
11 317 25384
11 426 11767
426 323 25856
11 355 13503
426 365 13878
355 457 26971
355 31 20523
317 518 19123
11 557 15281
457 427 46716
323 26 25594
317 596 18637
355 415 26757
355 558 27076
355 619 32429
365 393 27349
457 131 19780
393 295 37443
31 7 16246
26 138 15670
323 410 13130
410 690 8094
415 150 35790
427 249 18381
619 490 9784
690 200 33806
7 206 26288
690 94 20713
415 726 20138
365 103 16277
150 633 29578
558 318 13656
323 592 18751
410 554 2615
249 482 18239
426 90 17198
619 541 24289
690 48 25263
415 388 16692
490 147 9418
7 30 12800
393 38 20798
426 294 11922
554 386 10611
323 305 11941
294 50 34474
317 658 23125
38 719 13292
31 107 26652
50 496 24573
200 267 32302
558 391 23071
490 345 20511
318 530 34857
138 624 16175
592 104 10531
557 683 17979
596 610 25604
388 708 19762
393 628 27218
355 125 22134
11 45 14747
323 253 25534
7 113 20809
708 263 24637
596 432 12093
150 419 12628
355 177 25476
365 244 4021
177 613 38596
249 337 28499
206 452 19154
345 83 21562
253 179 4714
708 525 24897
592 617 20947
263 148 20641
318 466 27074
610 341 20215
457 408 26984
624 661 31619
206 677 34084
26 500 6403
337 91 8598
683 274 16630
48 329 22187
677 396 33583
274 225 14961
337 689 11648
94 264 13083
329 266 48435
50 546 18079
500 348 28743
206 343 4828
200 32 27571
348 694 28710
719 300 26929
264 134 12857
200 732 32620
452 594 5745
427 497 11762
432 98 29673
558 678 16279
452 674 24219
103 436 20847
482 693 14464
427 363 32922
263 145 30031
410 192 19594
274 712 34656
624 513 9796
426 321 22715
386 498 25737
274 85 8937
513 572 23042
177 623 21999
490 707 15420
613 425 20551
410 453 9020
624 216 27977
98 110 14472
572 234 23621
337 636 36069
436 534 47711
26 670 3021
32 36 30217
619 287 763
554 686 33760
388 676 31085
274 288 30940
295 582 15928
419 441 7943
345 357 33304
554 737 27342
554 333 12786
365 507 23029
708 394 31503
415 434 14962
732 548 7881
490 392 15239
624 221 22641
150 449 27602
192 310 14219
388 237 7298
496 489 27166
26 132 23772
518 491 9757
678 24 13397
426 204 36229
348 366 32714
264 57 19752
678 370 30106
179 172 27236
45 528 4128
498 620 17142
147 222 23682
45 187 9591
628 335 43524
708 207 19205
266 239 14889
489 722 29664
396 241 11286
457 570 42055
239 681 31763
333 29 32166
31 161 12131
676 251 21490
345 537 16529
57 642 1482
534 473 4493
337 640 6848
343 137 33705
31 447 37956
572 547 47976
30 16 48250
610 567 6239
457 576 30098
91 597 3839
288 193 8645
592 589 9292
204 325 10589
567 465 8662
94 657 15457
94 73 17173
172 53 25058
582 80 31503
617 152 36855
410 82 2696
572 351 14647
345 424 17961
152 397 5568
113 503 20782
222 214 36793
345 673 30517
207 308 24619
541 720 26663
396 439 27277
482 723 17946
392 250 16584
32 67 42655
676 539 18607
150 205 24722
308 430 37614
237 313 19560
570 143 16980
570 276 12914
674 389 39077
425 653 11409
308 668 35828
310 159 20528
147 246 14216
677 384 22097
348 730 39287
642 298 33449
677 217 16537
239 509 4761
509 616 24626
722 583 37712
103 405 40056
449 86 14610
496 679 38716
466 622 28429
241 716 22621
537 580 15425
541 23 20936
239 565 34794
732 585 19026
720 611 7394
465 458 26365
447 739 12063
222 223 11908
264 527 41869
239 169 15663
673 368 26226
466 421 14853
150 702 14993
179 40 29328
159 97 42305
389 672 10137
241 8 21673
490 42 19990
7 105 24143
686 46 18936
434 402 23366
441 346 5298
723 293 23814
690 235 16877
169 111 25446
91 202 36966
528 242 39171
439 304 15081
611 649 22879
430 502 23893
111 573 30428
57 28 47243
40 501 14258
681 660 24896
351 213 33031
518 144 27565
739 401 7397
111 654 24262
690 516 15143
187 486 23093
32 553 24398
85 191 29146
716 106 18492
585 272 20564
516 725 39190
294 203 15114
287 571 32805
222 9 15590
345 463 11814
235 278 12551
366 669 11133
391 21 33220
725 475 37802
679 101 18702
67 587 48171
36 65 37248
147 559 7102
518 68 34670
410 407 22904
723 461 40985
620 119 27952
657 577 32148
45 684 25607
355 292 34269
497 349 26320
145 10 33037
732 362 36441
366 19 8780
16 464 26479
719 480 7368
222 375 12286
408 526 27117
587 499 2991
707 675 7745
343 79 36081
466 316 10858
419 428 21095
723 64 27089
216 740 18284
38 631 22014
147 303 41288
657 95 19510
85 63 11320
137 667 5435
642 154 20941
553 306 34985
559 607 17240
732 591 41905
345 155 10125
432 22 19127
30 584 22080
202 201 6473
217 156 30035
274 334 3174
570 600 27295
611 638 34783
169 70 26570
432 736 8531
432 671 3459
36 556 16399
46 126 35904
250 372 25347
589 59 23669
719 555 22747
526 219 45698
370 290 3858
557 164 18001
486 551 12569
177 58 19410
393 336 34036
640 471 18760
21 369 21168
267 417 19936
585 705 19509
628 444 35139
528 171 7437
80 61 15313
155 302 27367
434 735 26190
336 72 5823
250 606 16375
302 506 29907
452 43 36011
349 78 23738
137 49 13564
623 409 13151
525 487 19427
204 142 32291
107 212 18035
86 699 8879
59 27 27586
164 515 29334
325 301 6697
253 695 6039
334 296 33917
582 437 33934
660 102 13718
613 376 13150
580 733 29402
527 543 10479
597 93 20905
693 81 19077
730 374 12089
19 443 28299
335 652 35661
323 60 34450
705 181 4700
394 703 23500
148 282 13203
394 279 11701
591 717 10796
548 320 31932
567 283 8538
397 438 18770
217 485 30151
152 167 28459
107 324 9334
652 39 17675
496 175 26548
497 645 21018
279 454 19032
111 634 16993
113 700 14008
463 440 37217
369 248 25177
642 339 26084
91 108 15494
732 128 11512
335 373 32924
53 595 20084
548 590 26045
386 656 25630
616 99 31035
652 326 32434
83 431 15038
679 52 16608
653 130 18895
49 153 6110
417 639 21026
507 680 35847
368 495 9429
110 618 32644
528 713 14050
389 451 28342
684 602 26294
59 226 21189
410 262 36102
670 648 5963
19 479 1300
597 259 10525
137 367 10417
432 277 40370
58 109 32108
613 462 13514
101 74 14052
85 141 40399
620 459 27425
391 256 28153
388 601 38078
222 209 13639
145 476 16803
430 173 16230
205 603 19836
159 71 20404
384 56 36089
419 14 25901
452 416 28823
443 682 30016
703 17 9831
501 531 30601
624 550 15752
567 692 24653
619 299 34102
19 261 29188
576 199 25713
543 232 28350
38 122 6316
518 598 30362
628 472 18840
375 643 12299
466 184 32550
657 450 27043
453 581 40634
466 398 40476
369 508 29564
277 312 21723
272 664 22423
610 229 34419
416 168 33743
263 493 34791
649 162 28118
572 230 25357
534 100 25212
199 650 13027
670 724 28820
427 456 11746
110 729 26578
48 738 40067
489 240 24196
450 254 6553
39 257 8420
693 319 7299
674 6 33883
193 69 33584
74 387 8791
71 706 34660
261 586 18296
94 710 21509
459 688 7803
501 215 9362
490 615 29484
503 280 8699
586 228 13787
631 446 25838
302 2 10176
712 178 16648
591 54 9002
486 435 8162
598 412 39968
375 297 7224
636 728 25270
407 644 30110
86 117 27584
541 124 24120
547 665 14998
708 608 45178
226 517 22728
461 190 29016
161 605 28311
203 182 35399
688 411 19126
134 483 24348
624 140 4375
279 561 20987
416 33 32109
669 562 18718
102 247 37590
425 286 11190
531 356 9384
356 704 9784
495 62 25252
493 176 30061
480 285 18066
108 361 38187
253 533 14851
50 535 38159
152 469 29234
228 133 7686
22 552 12246
739 157 24784
712 163 28143
2 593 34099
725 165 14595
737 332 27022
617 116 13513
337 468 29176
634 481 40001
187 625 21724
678 127 26357
401 492 46757
11 568 36855
738 233 28392
525 252 12189
68 218 22873
683 76 22704
349 379 12482
475 136 34958
247 599 14089
506 231 7126
516 224 33545
397 358 38240
297 709 18634
462 406 4614
128 344 36971
534 12 15226
466 549 16827
86 347 22574
465 236 16820
164 338 10304
179 238 17574
76 488 4718
36 630 16805
56 77 25620
633 727 20594
727 34 42376
454 151 11079
82 4 29092
177 364 39424
320 188 3821
660 523 11577
358 467 18957
355 195 37467
229 284 19235
628 211 35414
107 37 26407
394 359 12320
201 494 27101
387 698 29705
437 574 31404
187 655 29983
244 519 32084
14 422 26988
192 520 11968
595 721 33162
236 243 22673
694 353 37868
49 522 30518
725 255 36313
639 687 40782
736 87 36207
502 413 30331
243 5 15480
703 538 32228
534 390 16545
45 383 18913
191 399 25123
6 180 33492
562 380 11097
287 626 16415
261 560 31708
45 196 13659
261 460 12449
100 309 33151
147 265 17129
473 588 41609
658 604 41633
710 514 34342
638 51 6368
248 75 27631
384 429 29374
394 433 1033
675 311 36336
165 612 43075
493 89 9425
603 189 14889
343 322 29191
613 614 33205
216 477 4863
75 360 6867
695 442 16922
87 146 10287
454 666 45037
615 381 14098
369 646 14060
22 566 9719
89 627 30659
19 377 27907
458 186 32985
9 701 8120
67 414 28532
164 647 30953
394 185 13598
217 352 37098
408 545 36389
186 532 22172
672 350 14142
171 330 43291
490 114 33784
396 84 5770
631 575 23883
447 268 20280
547 484 29779
5 92 12341
389 115 8270
191 307 11536
206 629 27558
16 741 29162
285 696 38803
535 395 21443
228 340 22709
203 20 18883
276 194 35177
446 327 5509
69 734 33601
31 270 30838
54 245 38385
152 718 3592
36 445 40141
304 170 36940
650 635 21891
727 197 3427
552 55 28104
334 342 8788
381 404 23383
105 66 15323
415 478 24242
349 685 43698
146 198 33163
725 521 11657
538 711 18476
612 564 29377
585 540 21679
252 174 14629
202 651 41845
307 3 28895
336 135 12696
707 291 18668
80 504 22427
396 354 10323
384 314 33724
20 15 18986
413 260 6654
395 512 29012
687 529 25560
677 505 6782
372 418 33754
14 403 10390
180 621 24248
668 542 45542
739 149 39246
213 160 32651
172 269 44113
675 474 24646
627 378 4403
692 121 28752
516 47 31765
57 731 12044
104 331 13963
717 662 30483
110 315 25728
558 129 36609
79 510 23885
539 663 28926
99 13 14525
51 714 24488
360 328 19768
285 112 17016
53 41 10638
101 536 22665
148 400 29410
19 579 38357
202 632 10867
459 544 28891
478 455 31818
633 659 18617
736 258 27735
349 382 28043
6 637 37223
351 35 8739
303 578 18161
599 691 18722
465 423 10405
233 524 31665
91 96 33266
638 25 28464
464 609 20825
133 385 33676
154 470 40169
378 273 15200
598 448 37839
295 289 19727
709 697 19630
110 123 12278
694 118 21451
335 281 47086
390 120 7910
688 158 33424
590 563 37608
450 88 15326
647 208 19375
289 569 24244
622 44 45450
636 18 21087
440 641 8937
29 227 36741
122 183 14889
27 166 2432
580 220 19317
659 139 34683
280 210 31770
652 1 10779
97 371 11820
260 271 32651
88 511 33778
429 715 18445
232 275 31991
555 420 4097
58 561
52 152
421 480
124 425
143 199
359 506
560 660
133 604
230 549
468 707
471 591
20 548
266 512
168 653
76 475
97 374
297 463
226 717
125 717
90 565
322 590
277 520
114 327
430 671
251 480
390 513
278 581
448 472
133 197
286 655
