866 8535 30
193 579 42304
193 854 14188
854 462 7894
462 183 36151
462 716 34970
183 56 11493
854 538 26554
183 715 13975
56 495 6885
716 336 15090
336 556 15012
183 83 22656
462 810 32754
810 620 23847
716 243 30836
336 179 4267
495 202 15809
462 185 25050
183 828 11164
185 173 39399
810 325 34461
556 76 24642
202 838 13793
173 41 36623
495 706 14641
854 446 30860
202 293 22473
325 565 39198
716 81 9411
41 69 37113
715 25 6619
462 381 22110
381 264 7338
56 284 10027
69 482 26158
810 237 41067
381 307 26022
716 770 14860
243 265 20207
83 480 18061
293 451 25945
81 859 35699
462 338 28583
173 505 26383
185 540 22720
828 160 22673
579 491 30406
538 47 14600
83 355 5045
355 204 29109
185 521 26631
265 6 26851
293 619 25120
265 147 4886
770 276 22301
185 653 16820
451 49 16137
482 364 31515
173 765 22137
185 682 17047
682 352 15026
338 650 29827
505 450 28014
540 558 34926
579 622 23387
284 679 33480
505 525 15808
450 671 18770
69 162 31221
619 737 36243
25 860 21831
737 569 21720
538 676 13946
446 340 35510
619 711 36344
202 348 29973
565 843 40388
521 454 14142
671 835 27151
348 215 24047
579 542 37305
619 203 9255
540 759 37971
556 632 34426
828 582 3214
653 316 28051
676 617 9077
650 443 24520
676 259 41381
185 623 10069
854 752 25950
47 608 12559
525 805 25535
706 643 26104
276 87 32833
752 855 13806
49 660 31654
632 552 37364
679 362 37724
860 22 33052
622 524 31447
362 17 25674
542 358 19346
451 156 45351
770 580 21927
348 300 18635
855 821 39271
538 400 28994
805 36 10831
193 528 6079
480 396 5583
264 780 27437
650 84 21549
215 824 20047
608 681 2642
17 239 33083
860 570 30999
81 612 13992
770 816 25000
558 405 18136
860 709 19799
780 319 40681
179 151 29769
443 197 5701
204 12 27387
716 288 34665
579 34 21316
524 804 37135
173 511 12249
12 93 23516
83 566 17008
765 610 43736
623 428 26490
828 806 22208
715 532 15968
532 89 17083
288 421 21536
215 240 23746
828 64 8097
552 531 22278
608 402 23567
610 607 31493
821 642 11671
288 16 11174
87 606 20115
64 557 25069
780 800 26161
715 575 17047
805 268 27498
821 318 22661
524 595 40086
25 638 32116
450 291 38028
521 43 24391
400 169 31978
575 232 32474
291 45 20404
607 555 25574
617 705 8997
362 120 6562
524 475 29732
619 254 13426
446 104 21295
619 374 24984
83 546 16752
36 48 2855
259 515 1907
860 335 25988
804 245 16102
240 9 30859
162 605 28859
203 42 28529
284 510 34262
854 131 14110
179 4 12214
42 486 24919
232 408 33176
56 535 4785
183 754 31042
805 139 13182
169 717 27255
197 827 28122
9 500 20272
717 530 40782
480 544 10551
579 205 5727
291 228 5184
48 665 15983
104 692 37789
582 791 23455
76 673 48406
160 745 29141
307 282 18200
800 543 32072
821 52 15206
64 514 30827
421 742 4312
254 159 29805
402 426 24360
259 277 8867
179 363 26793
682 516 23478
265 429 39041
34 146 20787
511 339 33651
52 217 35611
268 437 31006
264 219 29280
446 62 25358
638 304 7610
319 633 36789
202 812 37152
569 177 19886
64 341 15157
83 210 36789
451 818 27252
173 103 10758
446 385 18240
660 222 22827
177 654 19202
482 324 11652
89 460 12580
575 395 29062
608 790 9658
818 449 21732
843 655 29609
617 105 24199
400 585 14096
183 414 14627
673 58 17668
405 255 18592
717 561 29621
500 96 33687
205 740 21362
159 207 36965
511 71 28124
530 773 9687
232 597 35628
179 792 31595
17 343 15363
608 431 9124
752 537 30986
617 777 25432
49 748 26189
582 92 26688
525 157 12042
770 391 17862
293 423 16216
62 795 5416
105 145 24060
582 685 9804
374 641 31140
203 845 20248
202 678 15173
805 841 21318
806 832 1070
431 782 32248
69 38 46922
482 593 39650
821 710 23656
752 764 26529
173 412 17306
752 435 11325
681 263 12029
790 253 10242
676 624 31152
16 778 32406
511 244 22251
800 562 36465
620 577 31744
835 351 30065
800 165 31374
253 628 21387
577 110 26463
480 332 7069
265 77 24628
49 123 24029
103 430 26694
665 698 25313
183 858 24999
764 736 20207
740 494 39873
96 148 19073
843 848 16836
340 7 22444
605 726 44177
824 527 16981
307 750 26836
500 829 33349
676 667 17305
653 367 997
240 695 13779
83 404 24992
245 214 17536
352 326 12876
711 568 8665
709 150 4361
622 75 10208
169 399 30437
709 701 25377
832 224 10385
22 166 19496
193 704 6718
84 453 34323
531 675 26898
332 353 11850
562 802 6020
561 290 38375
462 560 18259
858 5 10522
41 477 24121
75 394 34197
859 124 41419
414 523 12016
704 470 17820
759 439 12276
462 503 21550
555 458 37722
750 143 30388
396 856 10283
607 387 23706
620 852 17540
528 375 15747
653 122 14769
245 799 16673
224 234 12358
678 613 19487
806 753 16442
524 746 26253
93 801 19378
816 251 18657
147 51 17887
362 236 30601
355 24 5141
597 659 35458
430 422 33856
641 699 29321
802 758 5675
799 472 30827
291 734 22133
122 11 18036
711 493 25654
660 334 10091
56 111 31502
675 106 34251
5 576 12009
575 864 15757
852 564 31170
84 410 35949
36 3 37422
259 416 11170
460 739 9074
531 247 31976
804 31 2366
494 463 30088
387 181 46802
758 161 26069
537 346 33724
546 97 20997
446 46 28305
799 94 10573
173 733 7462
745 88 14426
544 541 10658
505 722 18566
422 242 20118
348 14 23341
505 154 30117
431 283 38465
62 2 13345
710 731 23637
568 102 43244
463 149 9231
681 141 13866
348 33 16025
818 115 13413
835 261 30046
124 357 3164
632 779 30659
854 769 27104
748 468 28476
779 311 11774
307 842 15951
561 369 12443
47 57 21886
717 520 7238
605 427 45512
408 70 20549
546 292 3821
81 718 38769
324 246 5935
750 646 29836
470 209 18121
166 618 17372
582 356 32097
753 599 4446
181 73 14650
245 625 21049
764 609 3793
495 508 8661
607 857 24745
214 377 22063
92 814 10815
416 371 2319
340 686 25557
829 275 13189
64 751 22786
449 314 19065
423 241 13528
52 95 30136
632 299 26222
334 373 15229
555 611 12568
859 118 16602
3 563 28347
255 287 38421
41 85 23307
357 378 34492
608 776 33266
610 756 19324
41 15 45013
338 201 40887
293 844 23660
261 140 15421
159 744 7539
4 550 32116
62 198 15781
81 302 21567
51 588 10899
681 697 3586
253 127 27227
334 397 1069
157 438 5793
628 109 18673
463 303 38491
575 684 17070
568 342 26869
56 347 6841
556 138 17159
14 771 18089
561 191 21093
131 452 9375
31 497 39743
810 72 37800
792 694 15043
166 272 36306
684 578 20040
675 65 32142
752 129 17795
435 252 15488
58 634 34357
304 714 20774
316 229 7040
4 121 45884
244 144 10525
802 637 33777
558 231 27448
120 496 6045
9 839 17654
105 415 18680
201 286 19972
318 761 24718
303 840 15517
286 689 13261
81 330 34313
733 464 17978
358 126 22552
85 476 6774
619 507 31936
215 741 35988
374 98 35063
77 258 38294
121 702 11446
752 807 16975
528 273 39973
89 720 20338
857 13 27165
405 738 14309
408 271 32467
120 68 33082
655 67 7505
582 61 14001
217 80 37856
486 808 31347
515 822 37278
239 549 37522
209 411 19873
689 403 9659
33 573 43242
335 345 27001
694 66 34117
628 176 21240
582 37 40667
858 567 15998
828 440 24133
633 40 25495
771 730 16387
193 368 8264
31 534 14183
11 372 23354
408 19 20133
397 337 4215
665 501 12802
607 719 25217
634 768 6044
593 329 35290
207 798 23729
342 184 13771
319 700 8037
608 50 26453
748 712 28526
356 220 22277
377 749 13513
805 459 20064
61 467 31525
287 370 19058
377 384 12639
779 344 30279
845 194 10344
737 227 18762
98 274 17528
588 313 33542
176 296 24097
544 101 21806
475 489 25160
343 444 41393
394 680 14470
120 398 26825
734 116 8077
845 442 17468
275 376 14326
599 743 39225
157 289 28052
209 225 24130
340 26 45817
326 308 19800
609 794 11414
110 112 20782
56 301 37585
112 830 12291
453 652 18444
829 728 24833
258 388 19176
240 499 42339
205 249 30265
129 687 30589
352 519 11188
276 317 14563
816 1 32784
253 651 16587
38 512 30338
334 39 28973
33 504 14594
845 278 16645
351 389 29051
344 670 34507
711 418 11771
782 783 27289
387 320 27054
697 696 28949
70 441 37750
610 321 42551
530 498 8152
149 604 11139
670 616 9054
346 86 20758
801 479 18235
339 32 26252
13 640 34692
808 137 1708
271 465 12344
197 280 17193
612 100 19776
115 382 28424
756 545 30674
92 174 10208
678 132 5585
388 763 45976
508 539 35197
854 817 13481
151 170 26917
217 554 34065
112 584 35248
709 171 26358
165 811 22728
860 211 13542
531 536 10194
855 461 27808
427 662 23269
498 323 10788
398 448 22797
6 417 14056
65 596 32689
396 119 20118
276 591 8891
48 447 21255
578 658 12018
459 601 29840
565 79 16713
109 630 8653
480 481 32999
794 594 1508
462 59 16867
290 20 16879
608 707 6803
340 432 35228
280 359 20730
671 322 17167
115 23 38977
442 238 37346
159 823 26126
712 837 35136
41 587 34221
143 125 31046
653 298 18529
412 392 20243
138 797 31276
864 407 21112
588 793 20198
536 865 24506
385 433 37494
472 386 8019
185 636 8980
319 853 16981
814 774 39083
839 379 27500
316 78 9535
50 639 29462
717 200 40896
110 762 16771
791 635 15970
560 99 8187
532 664 18526
823 91 6038
274 10 44244
447 186 35780
601 297 38741
549 178 22892
138 90 9587
440 306 8831
812 267 30554
865 262 28232
563 466 21849
844 583 29355
438 833 28951
249 724 33819
752 250 35094
123 851 7061
564 206 19115
447 135 39726
431 108 10872
169 8 23437
505 488 18428
622 164 16454
98 281 12642
638 648 46891
262 522 23735
525 366 32744
774 551 14532
92 533 35520
595 669 3017
274 553 15966
141 559 34950
3 199 30997
538 589 25146
472 548 31874
150 35 10091
623 757 19895
300 861 22645
49 413 25319
267 484 32779
567 850 19614
253 471 26572
240 82 12893
528 781 12765
864 683 5833
762 693 37042
126 401 13855
495 656 27918
166 260 5885
244 661 14039
79 29 9396
414 502 19943
111 473 28837
267 328 14505
57 175 9821
686 834 33975
656 723 23451
258 796 25123
830 547 16314
8 672 21932
681 784 46293
512 615 24620
33 390 14256
129 235 32358
19 598 6940
805 847 27338
326 691 9080
778 279 18086
369 226 20633
472 187 44483
569 218 23293
43 393 22833
709 803 8272
250 677 32197
467 629 21840
726 354 15195
214 786 17529
796 216 25040
625 425 38884
486 767 16969
261 54 27976
25 509 9983
847 703 37469
844 725 30435
770 813 22677
306 266 29228
357 866 38104
278 469 25075
45 862 24498
543 666 22334
235 113 34929
776 257 26771
662 492 14677
464 445 18090
37 766 29195
10 420 16657
135 436 29137
541 592 18495
50 600 30135
777 180 13368
280 621 32666
567 789 36368
318 53 19392
756 28 9272
335 153 7890
624 820 3207
710 456 26928
159 327 10129
97 590 22812
594 195 31169
10 18 10744
615 269 17512
643 529 22777
433 27 12564
642 167 27095
159 221 22365
768 668 37868
82 506 30550
829 603 17095
549 158 12264
672 383 23907
730 645 3370
476 230 12190
446 849 25549
162 688 7904
158 213 27490
417 863 748
704 727 24376
224 142 15042
33 571 12616
733 831 28240
53 270 23598
161 815 25002
823 836 31019
833 133 23071
298 309 35214
371 155 25894
327 419 27058
24 819 21806
259 55 18945
176 713 23315
717 627 34261
198 107 25836
296 208 23498
468 626 34063
793 526 22469
514 760 23220
8 188 16580
366 406 19513
711 487 21495
210 631 28217
852 825 10547
129 212 37116
13 315 19606
262 248 3490
35 772 11128
335 647 5846
203 690 16419
847 256 37911
375 331 23497
567 434 36449
276 128 20917
592 192 9012
253 663 26202
158 657 28218
81 478 25605
227 708 27273
594 361 16931
332 586 1273
23 826 11812
531 775 25307
652 152 26619
657 513 23308
661 182 22058
723 189 27439
36 168 15248
5 333 18873
800 518 19298
235 424 35970
701 729 32617
78 846 16429
335 788 35069
563 785 28704
529 674 34070
343 735 3903
776 285 35796
115 474 18331
785 380 29525
778 602 6103
199 310 11233
410 21 11017
257 572 22839
669 360 21180
185 312 24150
234 134 14320
20 485 13899
724 294 12759
329 644 17899
759 130 10128
168 455 37063
842 409 24590
442 755 7215
202 747 15908
421 190 36815
779 233 17560
66 614 22913
149 117 16788
414 350 31768
826 136 39657
433 457 27100
723 295 7889
254 163 38075
805 732 7929
488 114 6586
105 44 24810
353 517 15664
275 349 8378
850 305 28369
686 196 28010
443 721 40355
558 74 14450
741 581 26119
640 809 30499
161 30 29903
629 172 15236
692 60 33052
2 787 11223
159 483 9170
92 574 25108
674 649 19058
607 223 33250
155 365 36939
620 490 740
862 63 28083
216 681
629 694
427 856
345 567
352 685
330 671
410 731
266 471
565 647
515 653
532 762
380 512
246 638
317 658
518 575
325 829
168 422
134 861
408 725
33 288
500 741
512 768
145 814
620 694
352 487
277 651
160 607
116 422
393 818
121 708
