1000
563328236
135151841
532793929
66380098
593482574
4990702
651186077
1212085
387924780
426003365
38251123
141547381
293322851
110305538
168333736
357957152
212961424
22228745
64974817
530569496
252749763
131627372
343732661
578171607
236329652
763903746
112342524
155139743
243887677
86751093
376345131
109904309
195936546
355128174
683033697
813357
189092912
106294967
429491685
528867916
216941024
63712278
280552181
252326754
411999546
233794062
75799826
24711881
72802593
619256336
115480739
284429578
22714383
367394801
159409357
300357140
45730131
183339997
166161653
625184888
353698945
270884038
136719150
609810963
288764772
333691662
1550429
266558224
5748429
283447452
398973872
107019199
137236504
1222942
135129203
32225063
396983321
513018779
572634508
155022379
524362838
306841752
294300629
84696862
574132847
249131676
100085779
148303467
197360170
707022457
277576863
393281758
30921370
213824276
121141447
159267071
527025107
80643474
245987582
81443146
403943032
362546412
91480658
104498825
64765251
246159951
619925620
11067811
189065275
236944628
760593275
30138949
1465170
389688023
58076466
111732760
318404066
48158265
56252730
12902803
226173496
320328356
293636197
181774080
576811892
69038203
140481857
295971941
210646542
450655755
548108113
247784023
517775928
565822469
107651171
832643755
733373112
202399466
23073025
33465861
842271798
863750563
380684550
409972506
228275942
258166111
290249325
151993194
553352788
21669894
88289223
255410188
432783316
61453117
219235648
62764806
765078232
376005987
33891539
30667617
22766940
259073764
342187510
27954130
8718975
61442417
124534192
127976564
313598964
191948772
206094893
461513711
5790904
377599353
119350776
963284168
306248193
194200444
64106399
112060595
550344189
129375577
500166874
52942225
1907099
637219281
93173134
217050527
262848564
174944877
49310164
38212536
100578349
303011233
621691001
9917252
408518518
471565484
322109516
531736063
45587789
61145858
106684660
641945390
256644718
45181383
190113380
827395098
857583782
14600301
532683326
88685491
885535764
6019651
628383677
434946827
42878689
73170311
517501462
122138188
876226445
496103455
17351886
35952486
58700502
244501893
611230831
57187143
345600708
523257180
262384901
125832578
212978505
468466837
109516706
923984953
261641506
394186177
219465595
376578797
187768397
616854212
250767150
582271440
110185872
27236798
10728435
78140421
59910318
106131602
178716933
634935932
271165316
149969860
481096859
204841017
378175248
49649832
285327495
682111397
148375773
663639160
19617305
456021973
38427698
53792339
172781993
237951061
27618504
201116529
258417358
581728362
214093786
268889119
120566369
67208919
19653021
440596582
1014436166
109165388
327915058
918278112
38715865
26834524
238379105
419322249
63077409
130107793
728166007
29863239
528452542
331831562
277474066
424634061
389036329
9638665
608379013
245990747
287455380
98578407
162208862
83643058
135718193
51619613
194289221
552327060
19824301
314590621
559105157
252298954
190717710
265673397
174287401
106536618
38916437
167457702
138271342
9638914
5676520
12263563
622034726
201432277
211033637
85706582
394443575
333706578
172406783
66239104
788440958
562800363
210958653
502376177
253073888
97490707
271126547
100321998
453692374
92986201
73284724
677642595
257564707
291904054
294332475
385180525
696035806
273006099
42974449
178088026
116070489
495249077
221365401
8579742
222680863
33392737
531124243
395680360
174719227
99859977
133824326
202934876
91082496
6153184
554118207
153178315
279874551
300762045
107463202
21268782
176480913
274365870
308920693
245113390
13673024
915572058
36502458
453739004
91315838
28124848
106203199
817961943
334980
367434526
290303003
292246470
101987674
200842080
14063412
4497533
162631176
239656111
458900422
50081963
880147150
532577
452250412
548053088
850341764
6275690
294157784
420572570
779958247
79177802
279228497
96022583
235127806
361233000
120497415
207596397
40592892
243964553
207659191
93195271
24256946
360822970
855873727
257249405
106726018
184951550
114426130
423804222
596293669
175040827
696848747
71385121
166088409
22620448
147811233
50527933
259727712
31114169
82824033
374708048
567538566
39877682
344625213
384401366
228365665
54988637
419873406
435671683
340410891
494794848
483678590
7746959
153110036
277304816
143966894
245289325
23041473
56237290
173186466
29485874
485288829
288477318
17185189
470089028
176133786
635374694
789537398
145363389
354753355
6137851
285508997
672751398
29290902
76053006
324384571
51790836
620431930
25676422
51288448
217875554
258628486
466830336
308125362
25487242
257846241
107182835
120132592
848088073
486571764
47739200
169144456
667150256
441539767
445552004
22316243
40889358
90530707
865591929
792992308
538925541
636506299
74908806
495796088
362962606
67001768
201757056
47776722
62001
32123168
364335633
98763894
555182201
443074669
304830482
196360661
314235091
646302914
72349209
669431272
592538880
71816314
111612136
85041285
322403477
328925445
609785270
37119473
1269835
496808308
71294954
18980306
25945115
141936985
85372045
237186568
171815496
180570767
493963292
154663526
578647301
158752850
433471264
133965843
148150828
1019836190
78225754
256306230
71260652
311141975
215810846
66535590
651191200
17382204
404322620
392063594
75345144
223769939
668836861
372810044
117995971
433952124
73828251
246634330
431606136
140579910
28799038
163703801
266854179
420086278
111832069
3588055
438068143
486501951
286778926
297308628
366378180
24123897
749589979
147281030
744361978
363870188
239330050
132326044
112021569
491035656
6170696
384573963
3975281
6400092
197075767
120899768
583534717
28481729
331875819
10878739
984801549
407339195
244273947
795221753
80329684
83456297
61264646
136014192
197879812
43240225
131805939
919218086
336558184
131132810
438670829
107769832
773169776
81557360
752526211
195406623
8156125
12887310
158075514
7434969
588736462
441066173
321193468
467220057
54443586
58924535
272238638
131202417
517200966
578878061
63343368
166121557
213907984
216790552
179051952
2758718
29443613
2319255
6359011
588987207
498100326
286237731
325970369
511988583
101689497
460464683
444571701
55167780
311921320
61904539
384038575
809425515
38916806
818508187
479788072
42198362
195258918
591621165
268011050
85907594
3606167
106560167
179663864
477376948
16781353
130344518
567460376
35482944
278327627
1046406120
326348835
71739549
246508142
94439746
21970149
101456173
556220078
135199822
624208804
72122796
145329367
200080904
13464878
263631718
849252932
99720517
397368245
261637390
65298915
16548173
112368867
443703051
348766782
29696041
17250221
181732994
260916067
812071829
15838386
352151992
178430921
344952642
290001548
144543609
376350203
17959653
24069444
644508686
259155587
201363206
642872297
290701298
95197541
285884769
72912277
303633819
322885213
188676985
131012259
180792656
578978992
821440746
245498973
86201157
392416044
474327502
141720073
152939604
147544629
190588911
26518768
99041191
14306814
83400708
91250167
1000066
745950093
77537466
280709001
9302958
399020360
45389568
56239258
410053188
103424836
572346066
124927180
406658937
133265258
50714798
547055011
30156109
734233766
133589109
112193448
782926646
42558442
948431623
124575613
425325682
251460288
39910570
747664197
140352692
753112634
401241291
166017426
3278272
19366172
17498886
226091230
4697204
161535673
492419837
77684320
642079772
303263335
232714916
588862741
307697429
81442641
90187792
134990777
107958025
57461333
630165998
1203369
96704234
1674608
131559318
38455611
36610709
420837951
45904362
269596029
223957383
415349488
400979052
49874823
915655306
251150460
85871568
423772129
6369704
116653580
613217891
832981192
73110284
855165487
25509644
336788007
505264151
42115445
260698967
321782964
514433423
611927651
78595382
105421342
85490236
12209489
538953115
27170322
64106884
1026272147
6275113
32706243
487120464
3691253
574207574
87800355
327657849
452612394
351132501
324018273
270096262
332742145
152796497
11314026
339468143
386853675
243612637
129190448
733206154
80441835
296096958
2322995
243870755
79234970
214319665
55942546
232008212
654038605
2126837
291426672
161388697
366806656
666178438
433416886
319859151
572084165
2517756
562298212
275230784
258339435
797492862
633041664
227576968
269374503
112104963
424371705
37621769
358970022
240906390
465422526
597083912
328118071
94413469
169993772
451301029
197015004
494677629
139992055
73539284
247223506
613156740
547180397
49101509
163192509
466357769
89423059
498431009
132971152
449384127
503835688
141434479
73388485
51492415
188603613
434613846
868888801
33934464
292799676
29929532
15769407
168263922
48271898
816911725
109921556
4824359
39020631
431458782
704162905
147018403
186319280
495226912
72509930
664146526
251846119
17008793
199513448
39795736
242852506
684028047
266447966
164915422
485550452
370414543
6879911
248632814
548664978
677290453
182811280
529880425
167065338
497755425
251376536
196885831
215332338
325165847
381531268
665260745
225193732
364629069
63953171
358630169
238525823
151482084
8172841
281208262
36263717
25802675
391670920
99570
186541735
459619482
77571646
229316399
717155433
159983567
207200880
30267082
7481172
412851607
138680056
154455556
229031211
277665986
161247437
445830804
9478804
373934513
504026559
1063794072
243381864
420544133
308932650
7125899
74865656
52145697
127505153
77418265
43198213
608575952
38672356
97583049
801085804
346460981
463466920
372430952
201422625
116883924
32083039
57599422
160759696
113659801
136346174
219071594
181568289
273212704
315495735
18928639
564888849
207149914
433781997
820110080
221273561
284414182
107395675
