406
8657 5999 9874 8031 8586 7877 8204 3653 5792 2667 9701 5082 3650 5091 2025 5640 9986 8259 4772 3201 5723 5358 5377 7507 7602 3268 5487 6652 7196 9174 6857 8767 3105 9437 9205 9591 6271 9771 4172 5164 9138 9377 2620 8804 9971 2403 7211 9147 5695 3209 2461 5622 2393 6039 6360 5077 3922 4528 9734 2087 2376 3142 9306 5730 3181 6933 8310 7667 9481 3089 7245 2003 9347 8797 2757 4699 2780 9533 4639 4697 6524 2446 2329 6371 7793 6324 2387 8555 7541 4053 2546 7124 9007 7365 2242 7172 9853 6848 8607 6523 8241 6111 9237 3683 5465 9669 9606 2920 7812 3161 6924 4937 2561 7290 2464 3376 2794 5486 9530 6079 8546 7003 6330 6891 4058 2361 8455 8909 4634 8839 4086 6518 7038 7869 5549 7427 3390 6338 6024 5874 7731 3488 7035 4852 5975 7733 4153 5124 7501 4779 2517 8886 9569 3370 9768 5843 9424 4171 7090 6628 4811 5392 7172 5197 7288 4307 4701 8797 4026 9213 8979 9762 8434 4088 3828 2370 2245 9063 9262 2055 4640 4372 9964 7163 3322 2282 6274 8693 3161 2980 7179 6962 3288 5829 4560 4967 6567 2122 6636 7062 6355 7837 5102 3808 9672 2059 9279 2522 3860 8632 5317 4706 6637 7953 8071 6196 2294 3395 2001 2872 9790 9258 6874 7646 3978 6605 4452 6957 7380 8456 4580 7064 5139 6281 3299 9491 2429 2176 6180 5284 6923 6160 2887 7101 6844 2891 2157 6217 9820 8733 7837 5445 9222 6855 8678 7825 7336 9935 2246 6087 2694 6902 7179 2123 2753 2219 9208 9315 5850 2430 8746 9738 2546 2967 9276 3519 4307 9000 2663 6563 7476 4384 8174 5891 4601 7906 4985 8819 4666 5941 7615 5532 4869 5501 3434 9430 2278 3690 9206 4346 4006 2799 3547 9905 4689 7670 3755 6801 2236 7314 9917 9514 9223 2037 8139 5019 8928 7459 7769 4587 7048 7270 3735 9492 8730 7811 4233 4514 8713 2798 3173 2365 2665 3706 5501 6915 5553 5715 3869 5275 8767 5615 3063 9221 6492 6210 2365 4661 3202 2545 3663 4193 7643 5706 8982 8729 3724 8306 7280 8919 4530 8479 4493 5719 2987 5255 2649 4840 5721 2456 7131 6596 6498 3369 9436 7709 5564 7024 4685 6904 4583 7414 6883 4414 2618 9097 8772 9488 3299 2673 9702 8220 3050 6501 5749 9774 5365 2302 4150 6856 8017 8235 8555 9140 4655 7719
93 38 2695
38 385 9939
385 61 2069
61 313 8073
313 2 9778
2 348 2587
348 172 7266
172 145 3059
145 375 6975
375 336 8146
336 97 2467
97 406 6144
406 8 3309
8 264 7434
264 166 2098
166 333 2415
333 110 9420
110 86 3368
86 243 8690
243 197 9447
197 147 4092
147 218 6228
218 108 5557
108 276 8131
276 73 4855
73 80 5813
80 252 7133
252 30 2669
30 211 5713
211 240 3740
240 59 2242
59 332 6126
332 260 5439
260 5 8639
5 9 9748
9 284 6916
284 231 5975
231 136 4906
136 299 5122
299 309 6773
309 70 2070
70 94 5873
94 96 6746
96 277 4068
277 129 5991
129 115 9641
115 64 3249
64 79 7906
79 199 4898
199 378 8727
378 98 7173
98 170 5062
170 21 8724
21 124 5289
124 196 2721
196 401 6848
401 398 2622
398 149 3108
149 155 2881
155 158 9514
158 192 9504
192 387 6238
387 372 6903
372 320 4384
320 20 7031
20 293 3501
293 223 2061
223 251 7122
251 302 7364
302 180 2719
180 29 4652
29 283 6679
283 205 3727
205 364 2668
364 212 7868
212 271 6853
271 100 4844
100 237 9384
237 45 9805
45 95 6206
95 234 2557
234 36 2045
36 235 2614
235 321 2700
321 106 5816
106 267 6297
267 248 8380
248 195 2161
195 324 4522
324 44 2852
44 187 7349
187 257 7992
257 200 2556
200 163 2165
163 82 7469
82 394 9744
394 404 6709
404 11 6533
11 300 5320
300 114 4250
114 68 9153
68 112 8292
112 317 2025
317 4 2305
4 322 7089
322 261 6058
261 330 5139
330 142 9546
142 3 3074
3 153 6001
153 288 7950
288 31 8812
31 361 8866
361 233 7937
233 343 5965
343 340 5089
340 208 6000
208 278 3084
278 374 5069
374 354 8189
354 37 4548
37 77 8796
77 247 4096
247 193 4543
193 131 8815
131 171 3273
171 72 9643
72 56 9446
56 16 8644
16 328 3119
328 228 7884
228 279 3269
279 226 4631
226 160 2719
160 242 4609
242 133 2202
133 83 2692
83 315 2325
315 49 2213
49 225 2908
225 392 9203
392 268 6890
268 389 7676
389 285 5011
285 99 2459
99 107 9163
107 151 2833
151 400 2668
400 24 9989
24 154 4778
154 35 2525
35 175 3149
175 185 7315
185 105 3443
105 232 8875
232 362 3942
362 377 3840
377 265 6146
265 122 2170
122 207 9289
207 189 5161
189 90 6163
90 134 6307
134 222 2555
222 150 6861
150 304 7930
304 186 9275
186 282 6411
282 253 2769
253 363 9428
363 63 7099
63 238 8034
238 376 4295
376 84 5053
84 161 6942
161 46 8348
46 40 6127
40 176 5699
176 202 7179
202 13 9750
13 405 3966
405 393 6107
393 230 8756
230 91 4744
91 370 7903
370 355 9747
355 15 8254
15 286 4374
286 326 6968
326 298 6664
298 198 9762
198 349 6561
349 74 3054
74 168 5017
168 179 8723
179 143 9123
143 173 3755
173 256 8219
256 301 2401
301 87 3067
87 113 2014
113 184 6543
184 183 2461
183 311 8965
311 229 5956
229 220 8785
220 104 9214
104 111 7854
111 22 9895
22 259 8274
259 353 4547
353 367 9286
367 323 7268
323 1 2631
1 373 4506
373 249 6935
249 88 7088
88 263 3107
263 250 9921
250 53 6966
53 62 3613
62 138 4611
138 294 5099
294 352 9111
352 350 6810
350 365 5481
365 54 4389
54 169 6630
169 141 2233
141 337 3180
337 369 6329
369 76 9491
76 358 6518
358 109 6830
109 17 5011
17 342 4845
342 318 6644
318 383 5517
383 75 6690
75 371 4658
371 214 6409
214 177 3294
177 32 4673
32 366 2405
366 103 9469
103 23 8279
23 203 5719
203 144 4706
144 270 9807
270 28 9675
28 27 2683
27 219 3951
219 121 6201
121 244 5532
244 132 7900
132 210 7507
210 280 6773
280 339 8108
339 139 3681
139 382 4907
382 78 8832
78 81 2004
81 209 9676
209 204 7098
204 399 4062
399 325 7129
325 239 8420
239 306 6529
306 102 9054
102 119 7515
119 181 4307
181 345 5839
345 140 2783
140 344 2384
344 290 2573
290 6 7643
6 71 5459
71 307 4273
307 89 4914
89 213 4368
213 159 9155
159 338 5747
338 127 5238
127 380 4968
380 347 2772
347 269 2873
269 135 9087
135 227 3644
227 146 9288
146 194 2824
194 224 5326
224 52 4891
52 346 7560
346 287 8251
287 360 4258
360 331 8025
331 403 9824
403 182 7032
182 396 8409
396 221 7977
221 101 6731
101 25 2338
25 305 5273
305 51 5038
51 152 3825
152 236 2384
236 85 9454
85 33 9871
33 397 4206
397 258 5439
258 26 3508
26 118 2954
118 316 5461
316 206 3907
206 217 7864
217 341 5066
341 296 7604
296 148 4612
148 67 6618
67 156 6907
156 379 8090
379 357 9382
357 162 6710
162 351 9693
351 66 6039
66 14 8777
14 241 5699
241 395 2967
395 312 6979
312 137 5043
137 254 5818
254 359 3791
359 281 5762
281 262 3914
262 165 7227
165 246 4919
246 390 8965
390 335 8583
335 55 7342
55 58 4906
58 39 3220
39 19 3431
19 57 3494
57 274 6519
274 273 9676
273 388 7651
388 329 8266
329 289 7932
289 125 9827
125 201 5859
201 314 8886
314 291 4471
291 178 2612
178 381 4143
381 50 8031
50 69 8602
69 310 7671
310 164 7270
164 215 7286
215 319 6877
319 334 4559
334 308 9650
308 190 8143
190 123 5976
123 43 9547
43 120 2235
120 167 6851
167 356 9169
356 34 8869
34 266 5019
266 297 8915
297 327 5971
327 41 4559
41 391 7507
391 275 9293
275 116 6912
116 368 7216
368 18 5692
18 47 5428
47 255 9895
255 402 3113
402 188 8256
188 126 6555
126 65 8537
65 174 5980
174 191 6985
191 128 8914
128 130 5241
130 295 6703
295 42 9786
42 216 2116
216 60 4499
60 7 3597
7 384 6557
384 272 2464
272 92 5487
92 292 2030
292 10 6429
10 386 6327
386 303 5733
303 157 4825
157 12 5878
12 48 5670
48 245 2162
245 117 8359
