753
8372 5772 4425 4724 7293 9459 2444 9345 4561 7561 9948 6238 3031 6947 7623 5677 2486 4832 7748 5917 5749 6842 4468 8152 2272 8346 6887 4862 3758 7985 9762 2323 7394 3460 3040 2356 7087 4231 2582 5968 2271 7022 6268 7444 8245 3392 5768 3431 2962 9133 2365 3864 7317 2273 3428 8661 7878 7001 9433 2589 7221 7350 2762 7735 2526 3663 4796 7717 6992 3532 5135 3796 6094 6961 4546 7829 5238 3191 9785 2833 2080 5217 9726 4983 9609 7885 5255 2810 5233 2250 8375 3194 6145 8809 9894 7807 4209 9559 6053 4845 2473 7785 7485 2100 2406 6137 6392 7368 4576 8369 7331 6033 3882 5925 2577 5539 4185 8422 6371 3056 9000 8595 8711 2492 6811 5555 2239 9490 2083 9345 8100 5302 3650 2055 3562 8218 7855 6639 8805 5717 4412 3285 8908 6480 9142 7584 3518 5315 4493 6803 7746 5152 4277 4639 6675 3213 2315 8188 4956 3032 8060 9783 2688 2022 2531 5582 2141 8621 9521 2042 5714 5283 3090 8012 4798 7223 7373 8315 3915 3006 2796 6589 7660 6448 7198 9236 4194 5140 7641 3947 6213 5049 6020 9121 9729 8999 2707 6245 7007 5077 2292 2179 3974 7388 8234 2493 8129 5676 2359 7262 5762 7294 6784 3211 9703 5898 5100 8731 5053 6201 2125 6248 9027 7453 2114 5862 5296 5600 4892 9332 4023 8186 9023 4209 8905 6567 2891 8081 3035 6553 9852 4592 7978 4074 2959 3046 5245 3284 8359 8795 5803 5540 2990 3613 4956 3756 6463 2607 5460 5945 7684 3236 7597 6148 7771 4781 5219 8876 5695 5232 2966 8164 3108 2266 7948 2921 9250 3573 7734 7224 6550 5053 5620 5053 8581 3503 6106 6606 9923 7908 3381 2137 5268 3293 5449 3996 9168 9567 7325 9748 2700 2881 3450 2423 7350 9731 6447 8165 5633 3681 3928 3164 9986 5224 8608 5548 5594 4489 5893 2412 2390 8108 7451 9962 7251 2246 6612 8360 2278 9262 9790 8901 5243 8300 3789 4537 5307 6227 9947 7813 3508 4434 7597 9386 4020 9285 9336 2586 9077 8081 3044 3948 8192 8111 6991 4883 2059 7944 8661 9937 4901 4355 5647 4200 8083 6171 2137 9618 9980 4020 5849 7857 2626 7535 8124 6537 9970 7932 5763 6637 7966 7663 8063 2359 9928 3542 4248 6652 6466 5642 5716 9023 9876 2821 8086 5029 3870 7347 6885 2537 5566 8396 4015 5969 7860 5792 5902 5793 5124 3188 2313 7694 4316 5260 6302 2550 2935 7817 5631 9165 5441 7541 5978 5979 5244 7965 3229 3685 3298 6559 9274 2536 6540 9667 8168 9806 3666 3727 7402 5466 5044 6869 7571 3430 5305 4304 2122 6095 4053 4911 8011 9071 2000 8945 5422 4299 9317 5810 6124 3214 8489 7173 5855 7222 7341 6402 6025 4238 5156 5729 7640 4700 6793 3976 3048 7195 6459 9634 7498 5100 2090 9521 2884 2696 5815 6565 6104 6009 3607 8941 5513 6346 9913 6733 4956 5499 7912 6961 4700 6586 7794 8065 6944 9935 9866 9141 8721 4631 8427 3499 3878 2035 8894 6134 5746 4353 6142 5754 6625 7499 9434 5430 2302 9023 2394 3424 4985 3104 5702 3959 8232 3386 4932 9941 2187 6747 5568 2179 6420 2752 9745 7250 5095 6670 5977 5031 3486 5571 6892 5271 2896 5995 2549 9140 2323 9175 2646 4070 8127 8139 2127 9341 3125 6391 9505 9669 2784 4008 5171 7003 9979 4096 3764 5184 3988 7140 7426 8748 3151 4788 7563 6052 3373 6784 4210 3727 9870 5176 6964 9670 5877 4005 4107 8234 2508 3799 7570 8506 9768 4959 8682 5477 5389 3646 8029 5468 7477 9180 5762 4844 2253 4733 5537 7371 5057 2290 9943 4336 8633 3084 3067 3560 4580 9238 8833 6631 3508 8260 7071 7580 9641 4902 4847 6792 6803 4833 2133 9679 2258 9824 7777 5904 2465 6279 2551 4210 3795 8233 3245 4671 3227 3706 6260 4790 5586 8903 7163 7707 5877 3940 5072 8658 4525 8742 3912 4396 2068 3539 4322 4033 4340 7703 8999 9535 3922 5049 5460 6657 6443 9164 4347 6691 5501 9066 3431 8277 6793 7198 6527 3503 7064 4385 2988 7685 7548 5448 5630 8762 7960 7163 5964 9689 3810 3817 8923 6369 9384 4346 3778 2977 9169 7237 7755 4613 5158 4100 5659 9584 4945 9157 9558 8011 9444 4194 7357 8476 6684 2354 6489 7386 6952 5249 2013 4608 3301 5694 6855 4832 4076 2228 5063 5306 6222 6204 3939 2445 7134 9264 2074 6445 9328 2338 8392
573 448 3164
448 665 3792
665 703 5870
703 311 8144
311 669 2983
669 496 4443
496 329 2239
329 590 3780
590 3 6100
3 690 8122
690 85 8822
85 288 9828
288 686 2277
686 107 4399
107 19 5471
19 394 4060
394 16 9385
16 668 6819
668 165 6150
165 109 5589
109 305 9589
305 216 3811
216 110 8735
110 235 8965
235 506 3568
506 366 3976
366 94 7269
94 505 4107
505 113 7189
113 77 3703
77 389 6402
389 28 8315
28 230 7476
230 35 2571
35 603 2415
603 307 4535
307 72 4794
72 344 5072
344 564 5468
564 494 9151
494 627 9907
627 58 8754
58 306 3026
306 375 3209
375 201 5133
201 316 2997
316 95 3095
95 136 3413
136 242 2591
242 41 4070
41 371 3986
371 596 4923
596 22 3817
22 385 4369
385 29 9711
29 481 6342
481 694 8222
694 500 7476
500 743 3269
743 723 9668
723 640 6175
640 457 2804
457 203 6902
203 285 6814
285 406 7306
406 391 6991
391 714 9303
714 379 3494
379 634 5939
634 295 4882
295 585 2385
585 659 3311
659 318 9009
318 679 5132
679 720 7112
720 719 2209
719 197 7645
197 745 3394
745 320 5946
320 460 6604
460 37 3414
37 412 5988
412 322 3561
322 704 4733
704 722 8136
722 543 2240
543 554 3836
554 715 3151
715 257 3182
257 583 5622
583 455 2467
455 300 2692
300 172 6230
172 467 9260
467 219 9978
219 586 7509
586 519 8933
519 157 2562
157 515 2800
515 653 3653
653 298 7642
298 643 3464
643 458 7016
458 180 9916
180 292 7703
292 574 5167
574 368 2143
368 629 7059
629 297 9309
297 691 6526
691 45 4943
45 650 9836
650 587 2519
587 155 2310
155 205 7700
205 243 4740
243 276 6810
276 284 5592
284 539 8654
539 495 8331
495 746 5675
746 50 8629
50 645 6406
645 186 6579
186 153 7041
153 229 3270
229 69 8148
69 710 5959
710 646 2637
646 152 4174
152 354 3520
354 64 7358
64 658 7672
658 728 7708
728 593 4583
593 279 3344
279 5 5676
5 540 6149
540 625 7072
625 339 9864
339 246 7701
246 471 6161
471 149 4512
149 88 8794
88 217 9961
217 381 4917
381 616 7579
616 56 5304
56 303 2342
303 542 4034
542 270 4140
270 689 4768
689 210 6618
210 568 3931
568 294 9911
294 160 8440
160 343 3305
343 693 8172
693 421 8205
421 43 6748
43 427 6091
427 164 7769
164 637 5968
637 464 6519
464 520 8340
520 287 9333
287 209 4887
209 600 2064
600 312 9080
312 227 9653
227 429 4435
429 644 4903
644 31 4942
31 93 3364
93 351 4275
351 395 8961
395 272 2260
272 111 5208
111 749 8262
749 624 9728
624 468 5620
468 250 8932
250 651 9312
651 125 3446
125 245 2629
245 556 5711
556 321 7998
321 424 9723
424 128 4565
128 611 5829
611 220 5677
220 630 7485
630 504 9894
504 483 7437
483 386 8231
386 431 4760
431 571 9270
571 463 8891
463 383 3392
383 263 6503
263 254 2691
254 370 8167
370 422 6656
422 289 3097
289 623 6927
623 251 3101
251 277 2898
277 99 8071
99 269 2401
269 670 3030
670 317 2396
317 547 5188
547 705 5004
705 734 2023
734 678 7152
678 60 5302
60 466 8947
466 241 2297
241 143 7267
143 423 6821
423 249 6605
249 247 3705
247 561 8827
561 283 6802
283 610 3110
610 446 6481
446 538 7823
538 34 6346
34 337 6630
337 492 2070
492 145 9833
145 638 5179
638 104 3286
104 617 4931
617 133 8047
133 702 9541
702 397 9632
397 4 8870
4 548 3779
548 612 5652
612 218 4759
218 649 5913
649 503 5287
503 42 3502
42 469 5239
469 508 6644
508 604 2149
604 666 7368
666 426 8045
426 598 8769
598 70 3438
70 642 3230
642 392 4826
392 438 3632
438 80 6657
80 393 4354
393 1 9428
1 333 3724
333 615 5070
615 631 7413
631 700 2669
700 456 6318
456 390 6683
390 717 8564
717 614 5496
614 725 2097
725 433 5736
433 475 3668
475 221 6346
221 410 9765
410 299 6286
299 439 9489
439 214 7102
214 576 8136
576 267 3821
267 399 2660
399 206 5308
206 462 6194
462 181 2758
181 360 3859
360 589 2554
589 499 9423
499 310 5350
310 512 5389
512 572 5634
572 698 7506
698 707 2437
707 731 9590
731 48 3766
48 62 3368
62 365 6189
365 442 5504
442 73 4178
73 518 2219
518 727 6687
727 141 6459
141 20 3954
20 71 3801
71 737 3506
737 166 9390
166 134 3668
134 509 3716
509 718 7293
718 677 5158
677 324 7966
324 92 2890
92 261 7543
261 498 8526
498 675 2275
675 63 8136
63 158 7709
158 188 2624
188 478 8034
478 724 4235
724 485 2964
485 482 3611
482 595 7055
595 304 9287
304 314 3408
314 459 6678
459 90 4439
90 685 5132
685 191 5748
191 419 8339
419 30 5726
30 98 3189
98 470 9787
470 232 4920
232 161 4683
161 420 8163
420 12 9494
12 747 8186
747 290 3206
290 59 7786
59 527 9174
527 124 2490
124 273 7744
273 673 3657
673 323 5581
323 327 4373
327 78 7284
78 652 7840
652 179 4464
179 140 7926
140 474 6509
474 531 3165
531 382 7360
382 309 4847
309 79 9353
79 137 5304
137 266 6314
266 148 7113
148 626 4220
626 231 9184
231 488 4203
488 411 7512
411 588 9496
588 122 7477
122 75 5431
75 486 2258
486 65 2635
65 346 4983
346 253 5724
253 701 8481
701 57 5417
57 407 4798
407 67 2275
67 404 5110
404 388 4523
388 174 5292
174 82 8183
82 171 6113
171 739 3256
739 117 6433
117 680 8457
680 620 4894
620 226 5860
226 591 9389
591 135 9970
135 447 2994
447 396 2103
396 61 7947
61 465 3866
465 696 5879
696 126 8047
126 87 8140
87 632 7129
632 450 3252
450 558 3912
558 258 6161
258 570 5341
570 655 5809
655 286 5690
286 27 9277
27 194 9804
194 293 3338
293 414 6532
414 489 5482
489 9 7978
9 121 8129
121 24 2856
24 302 6171
302 435 7484
435 559 7833
559 356 9655
356 2 8178
2 555 9390
555 497 8608
497 692 5966
692 621 2532
621 271 7346
271 402 6284
402 168 6497
168 131 7977
131 13 2282
13 40 9289
40 278 9783
278 367 3832
367 401 7688
401 331 5202
331 183 8246
183 551 6386
551 664 8435
664 436 2239
436 25 4193
25 605 5278
605 330 5229
330 355 3229
355 729 9631
729 525 2325
525 364 9332
364 613 9988
613 716 2686
716 352 4350
352 176 7973
176 476 3493
476 619 3255
619 562 2173
562 223 8935
223 36 5475
36 581 2868
581 577 2664
577 233 9927
233 244 9124
244 162 5967
162 159 3451
159 511 6048
511 11 5607
11 7 7453
7 384 8076
384 661 5694
661 83 9176
83 315 5547
315 434 2433
434 445 3139
445 38 8161
38 536 7111
536 721 2432
721 428 3849
428 663 3268
663 146 4802
146 484 8487
484 647 5192
647 430 8615
430 130 2421
130 639 7102
639 175 2490
175 380 4462
380 154 7682
154 32 8809
32 362 7038
362 138 5391
138 139 4764
139 742 7842
742 592 7739
592 76 8098
76 633 6026
633 86 2791
86 636 6853
636 443 9656
443 182 6311
182 560 8368
560 608 4548
608 530 2094
530 301 9710
301 549 3876
549 472 7379
472 335 2754
335 129 6644
129 195 3404
195 296 8166
296 211 6437
211 672 4214
672 236 2888
236 711 6384
711 387 2193
387 405 3093
405 91 6913
91 452 5763
452 156 6748
156 674 8799
674 372 3614
372 684 7609
684 732 4046
732 751 8784
751 656 8571
656 281 5460
281 106 7664
106 417 9497
417 115 6487
115 502 2657
502 654 5285
654 697 7007
697 116 8652
116 449 6306
449 100 5053
100 187 4103
187 635 5893
635 369 4587
369 695 6216
695 641 7153
641 190 2539
190 167 7501
167 687 2664
687 532 9346
532 479 8352
479 523 5234
523 607 8234
607 453 4967
453 522 6256
522 667 6408
667 222 7767
222 403 7319
403 118 2180
118 151 4066
151 215 5381
215 461 3288
461 114 5337
114 594 3355
594 74 4147
74 528 6980
528 507 7857
507 212 3388
212 313 9365
313 89 7885
89 736 8393
736 18 7839
18 264 7789
264 552 6015
552 332 4490
332 374 5397
374 240 7003
240 334 9157
334 325 4931
325 441 5062
441 752 6518
752 84 8687
84 517 5463
517 234 6039
234 96 2971
96 537 4466
537 359 6515
359 671 3857
671 580 5574
580 46 8496
46 237 4164
237 163 9791
163 622 7135
622 534 2490
534 348 6310
348 262 7575
262 437 5590
437 105 2388
105 328 3359
328 602 9245
602 142 7025
142 192 2680
192 688 5965
688 683 4677
683 740 8677
740 569 8669
569 609 4509
609 184 2712
184 66 3364
66 454 2872
454 648 7358
648 259 2712
259 338 7671
338 582 5572
582 280 2709
280 21 3367
21 169 4428
169 557 3710
557 17 3059
17 578 4965
578 204 8401
204 513 6132
513 524 4356
524 490 5209
490 200 8066
200 618 3840
618 748 4873
748 265 4626
265 408 2366
408 358 7248
358 566 3208
566 738 7630
738 26 9953
26 357 9128
357 248 9729
248 726 5466
726 444 8270
444 363 6441
363 432 5157
432 376 2939
376 565 2571
565 415 8211
415 712 7811
712 239 3597
239 198 6738
198 601 8649
601 224 8643
224 708 3754
708 341 8420
341 741 8212
741 544 2006
544 599 2637
599 47 6817
47 68 7339
68 132 4077
132 33 5175
33 196 7190
196 120 9713
120 340 5161
340 733 2130
733 553 3798
553 377 9792
377 491 4755
491 256 8981
256 567 4556
567 53 6821
53 275 3726
275 260 6439
260 55 6991
55 8 3947
8 514 4170
514 347 8455
347 713 3383
713 579 9245
579 342 5497
342 744 3051
744 425 4208
425 52 5574
52 400 8647
400 252 3239
252 373 3020
373 550 5947
550 274 6854
274 526 5201
526 451 3870
451 51 7772
51 353 8551
353 480 7587
480 119 4548
119 676 9110
676 97 9456
97 123 5600
123 54 3076
54 326 5868
326 101 6954
101 102 2939
102 584 3803
584 361 6584
361 349 7514
349 49 2484
49 178 6673
178 319 4652
319 440 2419
440 681 3140
681 521 7889
521 510 2974
510 473 9610
473 628 9531
628 418 3512
418 533 7620
533 660 3402
660 144 2600
144 730 9324
730 516 5819
516 535 8617
535 563 2105
563 127 8943
127 291 9935
291 108 5531
108 378 7075
378 753 2739
753 416 7798
416 15 6789
15 213 8900
213 709 2800
709 662 4637
662 10 6516
10 699 9415
699 409 6453
409 541 7400
541 350 6031
350 185 8073
185 81 2556
81 238 7796
238 225 8842
225 147 6842
147 202 9664
202 228 8095
228 477 3485
477 255 9541
255 189 7187
189 493 4298
493 268 6261
268 606 8115
606 112 9451
112 735 4125
735 529 7529
529 23 9612
23 207 9596
207 750 2572
750 14 8367
14 657 9472
657 103 2317
103 545 5401
545 170 2640
170 199 2246
199 336 6980
336 682 3034
682 208 5593
208 706 5059
706 282 9986
282 345 4413
345 193 4500
193 39 2797
39 6 4983
6 597 9929
597 173 9974
173 546 5680
546 308 3309
308 44 7462
44 575 7514
575 487 5009
487 398 2408
398 177 8736
177 150 5102
150 413 6801
413 501 2545
