37 29 41 43 47
-16375 -13508 -11769 -10876 -10547 -10453 -10124 -9231 -7492 -4625 -13752 -10885
 -9146 -8253 -7924 -7830 -7501 -6608 -4869 -2002 -12161 -9294 -7555 -6662 -6333
-6239 -5910 -5017 -3278 -411 -11344 -8477 -6738 -5845 -5516 -5422 -5093 -4200 -2
461 406 -11043 -8176 -6437 -5544 -5215 -5121 -4792 -3899 -2160 707 -10957 -8090
-6351 -5458 -5129 -5035 -4706 -3813 -2074 793 -10656 -7789 -6050 -5157 -4828 -47
34 -4405 -3512 -1773 1094 -9839 -6972 -5233 -4340 -4011 -3917 -3588 -2695 -956 1
911 -8248 -5381 -3642 -2749 -2420 -2326 -1997 -1104 635 3502 -5625 -2758 -1019 -
126 203 297 626 1519 3258 6125 -13874 -11007 -9268 -8375 -8046 -7952 -7623 -6730
 -4991 -2124 -11251 -8384 -6645 -5752 -5423 -5329 -5000 -4107 -2368 499 -9660 -6
793 -5054 -4161 -3832 -3738 -3409 -2516 -777 2090 -8843 -5976 -4237 -3344 -3015
-2921 -2592 -1699 40 2907 -8542 -5675 -3936 -3043 -2714 -2620 -2291 -1398 341 32
08 -8456 -5589 -3850 -2957 -2628 -2534 -2205 -1312 427 3294 -8155 -5288 -3549 -2
656 -2327 -2233 -1904 -1011 728 3595 -7338 -4471 -2732 -1839 -1510 -1416 -1087 -
194 1545 4412 -5747 -2880 -1141 -248 81 175 504 1397 3136 6003 -3124 -257 1482 2
375 2704 2798 3127 4020 5759 8626 -12357 -9490 -7751 -6858 -6529 -6435 -6106 -52
13 -3474 -607 -9734 -6867 -5128 -4235 -3906 -3812 -3483 -2590 -851 2016 -8143 -5
276 -3537 -2644 -2315 -2221 -1892 -999 740 3607 -7326 -4459 -2720 -1827 -1498 -1
404 -1075 -182 1557 4424 -7025 -4158 -2419 -1526 -1197 -1103 -774 119 1858 4725
-6939 -4072 -2333 -1440 -1111 -1017 -688 205 1944 4811 -6638 -3771 -2032 -1139 -
810 -716 -387 506 2245 5112 -5821 -2954 -1215 -322 7 101 430 1323 3062 5929 -423
0 -1363 376 1269 1598 1692 2021 2914 4653 7520 -1607 1260 2999 3892 4221 4315 46
44 5537 7276 10143 -11578 -8711 -6972 -6079 -5750 -5656 -5327 -4434 -2695 172 -8
955 -6088 -4349 -3456 -3127 -3033 -2704 -1811 -72 2795 -7364 -4497 -2758 -1865 -
1536 -1442 -1113 -220 1519 4386 -6547 -3680 -1941 -1048 -719 -625 -296 597 2336
5203 -6246 -3379 -1640 -747 -418 -324 5 898 2637 5504 -6160 -3293 -1554 -661 -33
2 -238 91 984 2723 5590 -5859 -2992 -1253 -360 -31 63 392 1285 3024 5891 -5042 -
2175 -436 457 786 880 1209 2102 3841 6708 -3451 -584 1155 2048 2377 2471 2800 36
93 5432 8299 -828 2039 3778 4671 5000 5094 5423 6316 8055 10922 -11291 -8424 -66
85 -5792 -5463 -5369 -5040 -4147 -2408 459 -8668 -5801 -4062 -3169 -2840 -2746 -
2417 -1524 215 3082 -7077 -4210 -2471 -1578 -1249 -1155 -826 67 1806 4673 -6260
-3393 -1654 -761 -432 -338 -9 884 2623 5490 -5959 -3092 -1353 -460 -131 -37 292
1185 2924 5791 -5873 -3006 -1267 -374 -45 49 378 1271 3010 5877 -5572 -2705 -966
 -73 256 350 679 1572 3311 6178 -4755 -1888 -149 744 1073 1167 1496 2389 4128 69
95 -3164 -297 1442 2335 2664 2758 3087 3980 5719 8586 -541 2326 4065 4958 5287 5
381 5710 6603 8342 11209 -11209 -8342 -6603 -5710 -5381 -5287 -4958 -4065 -2326
541 -8586 -5719 -3980 -3087 -2758 -2664 -2335 -1442 297 3164 -6995 -4128 -2389 -
1496 -1167 -1073 -744 149 1888 4755 -6178 -3311 -1572 -679 -350 -256 73 966 2705
 5572 -5877 -3010 -1271 -378 -49 45 374 1267 3006 5873 -5791 -2924 -1185 -292 37
 131 460 1353 3092 5959 -5490 -2623 -884 9 338 432 761 1654 3393 6260 -4673 -180
6 -67 826 1155 1249 1578 2471 4210 7077 -3082 -215 1524 2417 2746 2840 3169 4062
 5801 8668 -459 2408 4147 5040 5369 5463 5792 6685 8424 11291 -10922 -8055 -6316
 -5423 -5094 -5000 -4671 -3778 -2039 828 -8299 -5432 -3693 -2800 -2471 -2377 -20
48 -1155 584 3451 -6708 -3841 -2102 -1209 -880 -786 -457 436 2175 5042 -5891 -30
24 -1285 -392 -63 31 360 1253 2992 5859 -5590 -2723 -984 -91 238 332 661 1554 32
93 6160 -5504 -2637 -898 -5 324 418 747 1640 3379 6246 -5203 -2336 -597 296 625
719 1048 1941 3680 6547 -4386 -1519 220 1113 1442 1536 1865 2758 4497 7364 -2795
 72 1811 2704 3033 3127 3456 4349 6088 8955 -172 2695 4434 5327 5656 5750 6079 6
972 8711 11578 -10143 -7276 -5537 -4644 -4315 -4221 -3892 -2999 -1260 1607 -7520
 -4653 -2914 -2021 -1692 -1598 -1269 -376 1363 4230 -5929 -3062 -1323 -430 -101
-7 322 1215 2954 5821 -5112 -2245 -506 387 716 810 1139 2032 3771 6638 -4811 -19
44 -205 688 1017 1111 1440 2333 4072 6939 -4725 -1858 -119 774 1103 1197 1526 24
19 4158 7025 -4424 -1557 182 1075 1404 1498 1827 2720 4459 7326 -3607 -740 999 1
892 2221 2315 2644 3537 5276 8143 -2016 851 2590 3483 3812 3906 4235 5128 6867 9
734 607 3474 5213 6106 6435 6529 6858 7751 9490 12357 -8626 -5759 -4020 -3127 -2
798 -2704 -2375 -1482 257 3124 -6003 -3136 -1397 -504 -175 -81 248 1141 2880 574
7 -4412 -1545 194 1087 1416 1510 1839 2732 4471 7338 -3595 -728 1011 1904 2233 2
327 2656 3549 5288 8155 -3294 -427 1312 2205 2534 2628 2957 3850 5589 8456 -3208
 -341 1398 2291 2620 2714 3043 3936 5675 8542 -2907 -40 1699 2592 2921 3015 3344
 4237 5976 8843 -2090 777 2516 3409 3738 3832 4161 5054 6793 9660 -499 2368 4107
 5000 5329 5423 5752 6645 8384 11251 2124 4991 6730 7623 7952 8046 8375 9268 110
07 13874 -6125 -3258 -1519 -626 -297 -203 126 1019 2758 5625 -3502 -635 1104 199
7 2326 2420 2749 3642 5381 8248 -1911 956 2695 3588 3917 4011 4340 5233 6972 983
9 -1094 1773 3512 4405 4734 4828 5157 6050 7789 10656 -793 2074 3813 4706 5035 5
129 5458 6351 8090 10957 -707 2160 3899 4792 5121 5215 5544 6437 8176 11043 -406
 2461 4200 5093 5422 5516 5845 6738 8477 11344 411 3278 5017 5910 6239 6333 6662
 7555 9294 12161 2002 4869 6608 7501 7830 7924 8253 9146 10885 13752 4625 7492 9
231 10124 10453 10547 10876 11769 13508 16375 2
