56
37
59
80
59
99
18
48
32
84
25
25
91
97
31
81
35
57
82
96
21
84
92
83
52
72
96
31
98
20
22
66
81
78
99
37
97
49
50
49
73
26
57
88
93
89
26
76
48
83
62
34
37
47
77
39
68
66
89
28
91
75
20
72
48
31
45
32
69
53
91
20
95
29
75
65
61
91
98
78
94
58
44
79
71
40
51
81
91
58
44
69
76
33
27
48
68
57
79
66
88
20
64
93
24
85
52
26
68
46
21
30
79
47
80
64
17
33
97
37
31
45
81
36
15
47
40
34
51
82
80
60
41
64
41
45
97
31
87
47
87
62
58
28
85
84
94
83
96
73
62
56
66
40
23
28
65
51
77
55
85
84
99
67
58
38
70
61
47
55
21
81
39
70
21
66
78
94
48
19
51
74
68
59
83
73
30
63
37
57
88
33
98
58
57
56
45
87
48
94
44
66
80
41
45
79
44
36
33
58
34
58
79
69
44
77
65
15
48
78
23
72
89
83
68
55
43
88
25
91
23
81
54
73
59
57
87
92
23
67
18
54
15
92
68
86
25
38
46
51
67
99
62
95
28
51
27
56
20
58
49
97
59
71
51
53
52
51
91
19
87
16
27
94
75
17
65
60
23
24
26
83
71
29
55
33
87
60
57
15
73
76
72
57
72
92
19
44
66
34
16
64
88
62
20
30
49
74
61
92
70
55
58
28
89
28
59
86
42
49
39
27
76
44
38
90
82
31
81
55
23
62
60
79
24
71
51
31
21
38
78
60
90
93
77
28
62
50
78
61
31
23
31
32
71
79
91
92
89
51
25
65
53
26
74
84
42
19
98
64
74
30
85
94
26
83
69
72
58
93
17
60
38
96
17
70
57
94
64
84
24
49
77
29
33
35
22
92
53
32
23
70
78
48
37
60
57
80
73
77
57
34
27
90
28
69
73
67
71
86
78
77
95
68
45
41
92
72
67
21
74
95
77
45
73
49
90
30
80
78
91
20
41
92
75
70
70
24
75
49
69
15
71
34
63
52
46
41
18
83
66
84
98
89
54
47
95
82
50
71
15
97
55
15
71
67
73
78
39
24
77
16
85
17
97
39
90
57
34
68
23
60
32
17
53
46
97
16
95
70
89
30
97
56
30
26
41
16
51
62
88
30
55
64
28
18
25
41
62
74
60
48
18
83
50
17
17
25
63
79
23
25
77
44
32
23
48
27
96
85
25
88
88
29
40
95
16
74
15
71
52
40
53
50
86
26
26
22
41
27
27
81
84
51
76
32
52
97
67
96
40
86
43
89
19
75
29
22
41
35
83
62
29
84
39
72
52
19
22
88
72
33
76
90
52
83
15
33
28
57
54
66
61
45
54
75
91
35
26
74
90
93
65
73
24
21
53
84
37
29
46
53
76
50
92
23
86
60
63
81
65
50
67
87
86
37
39
53
67
98
91
23
25
63
40
27
83
30
97
72
77
25
94
46
80
68
55
65
47
54
80
30
73
34
51
65
44
53
95
19
72
55
34
41
43
19
75
53
67
62
54
76
76
22
22
61
49
60
33
34
46
57
85
28
68
37
84
91
32
49
50
93
77
19
60
16
43
80
97
62
64
93
71
68
26
83
15
86
49
65
24
57
69
18
41
89
43
67
85
60
60
24
63
47
33
42
84
63
96
29
63
40
55
82
51
78
84
62
34
60
84
64
75
25
55
23
28
90
96
33
67
92
52
27
25
28
81
33
73
57
55
39
90
55
43
53
32
63
68
72
69
43
49
21
73
52
28
30
71
73
49
78
51
25
59
23
25
50
83
52
46
58
30
26
70
83
93
59
19
38
48
59
57
46
29
95
43
16
96
45
55
76
39
76
69
95
44
67
15
78
92
16
33
97
41
86
93
49
34
90
71
77
95
18
90
71
46
86
59
59
26
37
66
83
97
95
35
41
55
91
20
71
97
36
70
50
67
59
28
83
96
37
83
52
63
29
83
74
53
76
78
89
92
63
94
73
60
15
83
43
95
30
96
64
18
36
78
64
42
91
29
58
22
68
89
25
62
53
21
89
68
44
68
24
16
98
30
21
84
82
60
83
83
79
72
88
97
50
26
44
28
31
64
48
85
39
47
69
73
95
46
99
87
80
90
95
70
79
52
63
47
99
35
70
19
54
65
80
41
96
25
79
40
73
53
38
22
42
51
59
33
78
36
80
38
43
43
39
58
75
71
30
59
66
43
17
73
30
53
15
86
89
20
63
94
33
26
90
16
24
